0 1
1 4
2 10
3 12
4 14
5 15
6 18
7 25
8 2586
9 30
10 37
11 38
12 39
13 41
14 42
15 2096
16 49
17 53
18 59
19 572
20 573
21 571
22 67
23 1607
24 590
25 78
26 605
27 94
28 99
29 611
30 2148
31 615
32 1127
33 1130
34 1133
35 109
36 113
37 626
38 628
39 1142
40 122
41 126
42 128
43 641
44 137
45 2190
46 2704
47 150
48 151
49 1174
50 158
51 1183
52 2208
53 674
54 163
55 1698
56 678
57 680
58 1197
59 174
60 183
61 2233
62 698
63 700
64 706
65 709
66 718
67 1232
68 1254
69 232
70 755
71 248
72 262
73 277
74 790
75 2327
76 1309
77 300
78 1340
79 321
80 323
81 327
82 332
83 337
84 339
85 852
86 342
87 349
88 359
89 1398
90 2424
91 899
92 391
93 405
94 922
95 923
96 5018
97 411
98 431
99 435
100 1975
101 441
102 451
103 966
104 455
105 458
106 976
107 983
108 480
109 486
110 493
111 509
