0 0
1 1024
2 3
3 2564
4 1544
5 4617
6 9
7 524
8 3086
9 526
10 4112
11 16
12 1552
13 2578
14 2580
15 2574
16 535
17 24
18 11290
19 5147
20 543
21 34
22 1060
23 11302
24 551
25 2601
26 5162
27 1582
28 47
29 2610
30 2612
31 5173
32 55
33 1591
34 1082
35 61
36 5694
37 2115
38 76
39 3148
40 5200
41 81
42 84
43 5717
44 5718
45 86
46 2137
47 90
48 91
49 1116
50 604
51 4190
52 607
53 3684
54 100
55 101
56 1127
57 2664
58 5224
59 619
60 623
61 625
62 5234
63 115
64 1139
65 1653
66 3702
67 1142
68 632
69 121
70 1659
71 124
72 128
73 2689
74 3202
75 2179
76 4606
77 2698
78 1163
79 1676
80 142
81 1681
82 10388
83 150
84 5270
85 1175
86 5788
87 156
88 158
89 4254
90 168
91 684
92 2222
93 5296
94 1716
95 1205
96 1719
97 699
98 2750
99 4286
100 195
101 1732
102 709
103 1734
104 710
105 200
106 713
107 718
108 722
109 2261
110 726
111 4309
112 2778
113 221
114 222
115 2785
116 228
117 740
118 2790
119 2788
120 2287
121 240
122 1269
123 757
124 2808
125 250
126 763
127 764
128 254
129 5375
130 2305
131 259
132 260
133 1796
134 3334
135 264
136 1803
137 782
138 4881
139 2322
140 278
141 280
142 5914
143 1307
144 1308
145 5410
146 2850
147 5926
148 2863
149 304
150 305
151 2870
152 822
153 2872
154 2361
155 11578
156 5434
157 2367
158 2369
159 2885
160 1350
161 2378
162 2379
163 333
164 2384
165 12118
166 1878
167 2906
168 348
169 1372
170 2914
171 354
172 357
173 871
174 362
175 2923
176 2925
177 367
178 3951
179 369
180 882
181 371
182 2927
183 372
184 2418
185 9592
186 2936
187 11646
188 895
189 1408
190 1921
191 902
192 2439
193 392
194 5513
195 4486
196 3467
197 2956
198 3468
199 1926
200 1424
201 914
202 1429
203 1434
204 2460
205 1437
206 1955
207 1956
208 1446
209 7590
210 1449
211 431
212 432
213 3004
214 958
215 2496
216 1985
217 1476
218 2501
219 4038
220 2508
221 3023
222 2520
223 987
224 5598
225 2527
226 8162
227 1506
228 504
229 2045
230 1534
