0 0
1 6656
2 1024
3 515
4 6148
5 3076
6 1542
7 2055
8 1544
9 4617
10 522
11 2574
12 1552
13 2578
14 3093
15 2070
16 11798
17 25
18 11290
19 5147
20 1561
21 2586
22 30
23 1568
24 1057
25 1062
26 3111
27 551
28 2601
29 5162
30 40
31 2605
32 1582
33 2094
34 50
35 6707
36 6708
37 53
38 3126
39 2610
40 1591
41 569
42 1082
43 2623
44 6721
45 1089
46 6209
47 581
48 587
49 3148
50 3153
51 594
52 1621
53 5717
54 2647
55 1110
56 2137
57 1116
58 3165
59 607
60 1634
61 6759
62 1127
63 4711
64 1130
65 5224
66 2154
67 5234
68 626
69 2164
70 1653
71 1142
72 1143
73 6264
74 122
75 1662
76 2687
77 640
78 129
79 3202
80 11390
81 130
82 6784
83 2689
84 5767
85 1676
86 3213
87 142
88 2702
89 2704
90 1681
91 1680
92 10388
93 4760
94 5788
95 1183
96 2720
97 1696
98 6823
99 5295
100 3249
101 1717
102 1205
103 1719
104 6328
105 696
106 187
107 6332
108 1212
109 2750
110 4286
111 1219
112 1732
113 1229
114 720
115 211
116 2772
117 725
118 727
119 2778
120 10972
121 1756
122 2785
123 1250
124 2788
125 1259
126 2809
127 2302
128 5375
129 2305
130 10498
131 1796
132 6405
133 3334
134 2824
135 1289
136 779
137 1803
138 782
139 12562
140 1299
141 5397
142 793
143 5914
144 1307
145 1308
146 6937
147 1305
148 2846
149 801
150 289
151 5924
152 1316
153 6439
154 2858
155 810
156 3373
157 3374
158 6447
159 1841
160 2870
161 5944
162 2361
163 11578
164 5434
165 1850
166 829
167 2369
168 13634
169 2884
170 2378
171 2896
172 2384
173 852
174 12118
175 1878
176 1372
177 864
178 866
179 3428
180 358
181 2919
182 3433
183 3434
184 2923
185 2925
186 7025
187 9074
188 882
189 8052
190 2418
191 9592
192 2936
193 1403
194 381
195 11646
196 1921
197 3458
198 902
199 4486
200 2440
201 5513
202 6538
203 3467
204 2956
205 1926
206 3470
207 1423
208 1424
209 914
210 1431
211 1432
212 1434
213 3488
214 1953
215 1952
216 1955
217 1446
218 7590
219 4524
220 2477
221 1453
222 1975
223 1463
224 442
225 3004
226 958
227 447
228 2496
229 1476
230 1480
231 977
232 6616
233 5081
234 5598
235 2527
236 992
237 2018
238 13282
239 1511
240 3050
241 4080
242 3060
243 1525
244 1526
245 3061
246 2552
247 3069
248 510
