0 0
1 1024
2 2
3 3586
4 516
5 4102
6 1032
7 1033
8 1545
9 7690
10 14
11 1552
12 3090
13 1047
14 3608
15 6174
16 34
17 1060
18 36
19 42
20 43
21 1581
22 49
23 562
24 57
25 61
26 64
27 67
28 588
29 1103
30 92
31 1116
32 3684
33 102
34 105
35 1646
36 3183
37 3697
38 1142
39 123
40 125
41 1663
42 130
43 645
44 3718
45 649
46 138
47 650
48 1676
49 2704
50 3219
51 153
52 154
53 156
54 1184
55 3234
56 176
57 1719
58 187
59 190
60 193
61 195
62 201
63 713
64 208
65 216
66 729
67 218
68 1754
69 1756
70 1248
71 1254
72 231
73 1256
74 747
75 3308
76 236
77 242
78 1268
79 245
80 246
81 1270
82 248
83 249
84 265
85 268
86 3854
87 784
88 1299
89 276
90 2327
91 279
92 794
93 282
94 1820
95 803
96 1830
97 298
98 824
99 829
100 831
101 1857
102 1866
103 1868
104 1870
105 846
106 1876
107 854
108 859
109 348
110 863
111 3951
112 373
113 385
114 902
115 906
116 3468
117 909
118 910
119 399
120 3470
121 1939
122 5018
123 923
124 1436
125 416
126 1955
127 1957
128 934
129 1969
130 1462
131 1975
132 954
133 450
134 962
135 453
136 4044
137 973
138 3024
139 466
140 1494
141 473
142 476
143 477
144 479
145 2021
146 1002
147 2030
148 4080
149 6640
150 1528
151 508
152 510
