0 1024
1 3
2 6148
3 1032
4 9
5 4617
6 6154
7 520
8 1544
9 3086
10 526
11 4112
12 2574
13 530
14 2578
15 2580
16 1045
17 2070
18 3093
19 11798
20 11290
21 5147
22 1566
23 1568
24 1057
25 3105
26 2599
27 551
28 2601
29 5162
30 2605
31 1582
32 47
33 3120
34 2045
35 48
36 2610
37 1588
38 2612
39 3126
40 1591
41 5173
42 569
43 1082
44 1598
45 1089
46 6209
47 5698
48 3148
49 6223
50 3153
51 1621
52 5717
53 1110
54 88
55 2137
56 1116
57 3165
58 607
59 1634
60 98
61 3684
62 1127
63 5224
64 6250
65 1130
66 2154
67 110
68 114
69 5234
70 626
71 1653
72 3702
73 1142
74 6264
75 122
76 11390
77 640
78 2689
79 3202
80 133
81 5767
82 1163
83 1676
84 3213
85 1681
86 10388
87 5270
88 1175
89 4760
90 5788
91 4254
92 674
93 1189
94 679
95 170
96 3244
97 5295
98 5296
99 3249
100 178
101 180
102 1205
103 1716
104 187
105 6332
106 2750
107 4286
108 195
109 1734
110 201
111 2772
112 2778
113 10972
114 2785
115 1259
116 2287
117 752
118 2808
119 248
120 764
121 767
122 5375
123 2305
124 1796
125 6405
126 262
127 3334
128 2824
129 1803
130 780
131 781
132 4881
133 12562
134 2322
135 5397
136 5914
137 1307
138 1308
139 794
140 2846
141 798
142 5410
143 5924
144 5926
145 6439
146 2094
147 2858
148 301
149 6447
150 3379
151 2870
152 2872
153 2361
154 11578
155 5434
156 2367
157 2369
158 5442
159 2884
160 2885
161 2378
162 332
163 2896
164 2384
165 12118
166 1878
167 2906
168 859
169 1372
170 349
171 347
172 351
173 865
174 866
175 871
176 2923
177 2925
178 3951
179 2927
180 1393
181 9074
182 12658
183 8052
184 882
185 2418
186 375
187 9592
188 2936
189 378
190 11646
191 895
192 384
193 1921
194 389
195 902
196 2439
197 4486
198 5513
199 6538
200 3467
201 2956
202 1926
203 400
204 1424
205 914
206 1431
207 1434
208 2460
209 414
210 1952
211 1953
212 1955
213 1956
214 1446
215 7590
216 4524
217 1453
218 1456
219 442
220 3004
221 958
222 2496
223 1985
224 1476
225 2501
226 4038
227 3023
228 472
229 5081
230 987
231 5598
232 2527
233 8162
234 3050
235 3052
236 3056
237 3060
238 1530
239 3069
240 4606
